0 6528
1 5873
2 5133
3 4444
4 3545
5 3262
6 2815
7 2397
8 2033
9 2076
10 1943
11 2509
12 2198
13 1851
14 1563
15 2508
16 1542
17 1791
18 1878
19 1862
20 2919
21 1806
22 2024
23 2161
24 1977
25 1760
26 2315
27 1953
28 2852
29 2479
30 2863
31 1394
32 1661
33 2963
34 2154
35 2017
36 2031
37 2102
38 2292
39 2961
40 1883
41 1477
42 2270
43 1449
44 1989
45 2066
46 2098
47 1802
48 2213
49 2673
50 1808
51 2711
52 1840
53 1562
54 2167
55 1868
56 1943
57 1426
58 1638
59 1971
60 2007
61 2075
62 2444
63 1658
64 1638
65 2142
66 2071
67 1921
68 2036
69 1470
70 1707
71 1330
72 2185
73 1522
74 2183
75 2028
76 1381
77 2199
78 1694
79 1786
80 1501
81 1467
82 2253
83 2059
84 1661
85 1580
86 2104
87 2082
88 2023
89 1641
90 1903
91 1955
92 2224
93 1913
94 2196
95 2389
96 1907
97 1999
98 2452
99 1922
100 1818
101 2151
102 1644
103 1938
104 2206
105 1369
106 2109
107 1840
108 1339
109 1882
110 1609
111 1989
112 1916
113 1894
114 1749
115 1691
116 1547
117 2087
118 1891
119 1384
120 1702
121 1793
122 2225
123 2247
124 2165
125 1879
126 1223
127 1614
128 1364
129 2549
130 1523
131 2404
132 2143
133 1830
134 1602
135 1644
136 1649
137 2107
138 2245
139 1570
140 1858
141 2246
142 1920
143 1664
144 1694
145 2444
146 2234
147 2220
148 2564
149 1639
150 2001
151 2098
152 2162
153 2429
154 1673
155 2192
156 2225
157 1614
158 2209
159 2308
160 1551
161 2012
162 2000
163 1581
164 1516
165 1657
166 2416
167 1620
168 1826
169 2044
170 2242
171 1581
172 1818
173 1752
174 1588
175 1980
176 1963
177 1720
178 1524
179 1770
180 2024
181 1599
182 1417
183 1723
184 2168
185 1795
186 1742
187 1918
188 1789
189 2097
190 1838
191 1664
192 2306
193 1540
194 2129
195 1916
196 1612
197 1952
198 1658
199 2183
200 1352
201 2052
202 2103
203 1711
204 1728
205 1872
206 1868
207 2067
208 1847
209 2245
210 2342
211 2126
212 2090
213 1687
214 2001
215 1625
216 2246
217 1746
218 2046
219 2137
220 2051
221 1367
222 1973
223 1846
224 1644
225 2038
226 2167
227 1999
228 2007
229 1784
230 1417
231 1935
232 1409
233 2215
234 1587
235 2172
236 2619
237 1222
238 1575
239 1945
240 2031
241 1916
242 1595
243 2556
244 2183
245 1712
246 1916
247 1504
248 1949
249 2416
250 2706
251 1494
252 1731
253 1920
254 1431
255 1922
256 2042
257 1679
258 1398
259 2256
260 2179
261 1912
262 1960
263 2188
264 2055
265 2004
266 2337
267 2086
268 1550
269 1645
270 1775
271 1546
272 2388
273 2288
274 1994
275 1882
276 1506
277 1843
278 1338
279 2978
280 1333
281 1299
282 2353
283 2402
284 1264
285 2183
286 1694
287 1921
288 1524
289 1976
290 2028
291 2810
292 1807
293 2451
294 2047
295 2498
296 1433
297 2444
298 1902
299 2406
300 1459
301 1753
302 1858
303 2006
304 1337
305 1318
306 1825
307 1201
308 1658
309 2126
310 1681
311 2030
312 2024
313 1564
314 1734
315 1881
316 1806
317 2351
318 1325
319 1481
320 1832
321 2235
322 1576
323 2243
324 2627
325 2126
326 2038
327 1892
328 2216
329 1840
330 1843
331 2009
332 1965
333 2327
334 1812
335 1846
336 2584
337 2118
338 1792
339 1744
340 1872
341 1663
342 1962
343 1348
344 1757
345 1819
346 1730
347 2060
348 1599
349 1809
350 2365
351 1366
352 2088
353 2165
354 2335
355 1409
356 1637
357 2059
358 1643
359 2247
360 2002
361 2072
362 1795
363 2598
364 2746
365 1859
366 1848
367 1748
368 2170
369 1693
370 2525
371 1514
372 1293
373 1618
374 2684
375 1705
376 1702
377 1720
378 2231
379 1873
380 2535
381 1978
382 1495
383 1917
384 2127
385 1704
386 1980
387 1536
388 1466
389 1350
390 1995
391 2007
392 1749
393 2269
394 2263
395 1822
396 2829
397 2193
398 2052
399 2122
400 2511
401 1937
402 2228
403 2277
404 1371
405 2014
406 1917
407 1395
408 2577
409 1915
410 1686
411 2101
412 1323
413 1677
414 2176
415 1951
416 1949
417 1759
418 2359
419 1969
420 1992
421 1846
422 1979
423 1853
424 1735
425 1594
426 1827
427 2323
428 1563
429 2139
430 1879
431 1706
432 1755
433 1409
434 1887
435 2273
436 1939
437 2091
438 2566
439 2145
440 2360
441 1663
442 2115
443 2370
444 2378
445 2067
446 1920
447 1887
448 1815
449 1982
450 2403
451 1748
452 1688
453 1985
454 1774
455 1834
456 1975
457 2185
458 1907
459 1697
460 1620
461 2093
462 1631
463 2044
464 1753
465 1709
466 2343
467 1706
468 1679
469 1283
470 1584
471 1672
472 1818
473 1828
474 1888
475 1933
476 1757
477 2233
478 2253
479 1904
480 2122
481 1926
482 1735
483 1673
484 2036
485 1638
486 2414
487 1723
488 1647
489 1476
490 2529
491 1235
492 1668
493 2155
494 2086
495 1226
496 2057
497 2033
498 2608
499 1364
500 1734
501 2021
502 1611
503 2560
504 1919
505 1793
506 1392
507 1757
508 1712
509 2028
510 2801
511 1243
512 1772
513 2378
514 1970
515 1833
516 1734
517 1962
518 1928
519 1427
520 2057
521 2048
522 1825
523 1819
524 2010
525 2675
526 2442
527 1903
528 2513
529 2010
530 1207
531 1802
532 2072
533 2176
534 1437
535 1588
536 2063
537 2295
538 2431
539 2328
540 2511
541 1692
542 1806
543 1791
544 2181
545 2018
546 1820
547 1862
548 2165
549 1981
550 2066
551 1651
552 1959
553 2014
554 2425
555 2261
556 1897
557 2545
558 1545
559 2125
560 2146
561 1529
562 1540
563 1861
564 1994
565 2271
566 1775
567 2228
568 1803
569 2117
570 2056
571 1992
572 1854
573 1942
574 1922
575 2187
576 1885
577 2215
578 2037
579 2004
580 1813
581 2132
582 2100
583 1635
584 1584
585 1589
586 2480
587 2091
588 1541
589 1868
590 1803
591 2028
592 1656
593 1914
594 1452
595 1689
596 1993
597 1910
598 1580
599 1962
600 1886
601 2188
602 2004
603 2096
604 2103
605 1852
606 1974
607 2040
608 2171
609 2460
610 1465
611 1636
612 1643
613 1753
614 1852
615 2016
616 2580
617 2022
618 2508
619 1185
620 2343
621 1350
622 2289
623 1738
624 1577
625 1159
626 1852
627 2262
628 2322
629 1813
630 1552
631 2643
632 1922
633 1610
634 2665
635 2323
636 2165
637 2232
638 1945
639 1430
640 2193
641 2575
642 2045
643 3006
644 1886
645 2294
646 1815
647 2202
648 1462
649 1489
650 2183
651 2054
652 2531
653 2077
654 1835
655 1731
656 2143
657 1730
658 1821
659 1896
660 1848
661 1558
662 1677
663 2002
664 1269
665 1607
666 2092
667 2223
668 1936
669 1941
670 2140
671 2397
672 1776
673 1663
674 1035
675 1613
676 1846
677 1835
678 2146
679 1659
680 2138
681 1632
682 1967
683 1785
684 2030
685 1840
686 1682
687 1603
688 2361
689 1707
690 1845
691 2205
692 1744
693 2032
694 2376
695 1578
696 1768
697 2092
698 2036
699 2090
700 2524
701 2101
702 1927
703 2115
704 2107
705 1809
706 2165
707 2260
708 1939
709 2160
710 1612
711 1807
712 2223
713 1648
714 1718
715 2184
716 2238
717 1444
718 1681
719 1727
720 1982
721 1498
722 2026
723 2304
724 1826
725 1822
726 1653
727 1990
728 1915
729 2233
730 2025
731 1730
732 1986
733 1753
734 2074
735 2122
736 1837
737 2276
738 1779
739 1866
740 2135
741 1618
742 1785
743 1858
744 1569
745 1524
746 2589
747 1946
748 1347
749 2067
750 1931
751 2373
752 1068
753 1788
754 2055
755 1330
756 2656
757 2243
758 2023
759 2002
760 2389
761 1398
762 2178
763 1322
764 1702
765 1898
766 2256
767 2176
768 2072
769 2094
770 2080
771 3113
772 1587
773 2090
774 1987
775 1905
776 1423
777 2065
778 2270
779 2229
780 2238
781 2223
782 1930
783 2275
784 2016
785 2091
786 2019
787 1551
788 1733
789 1770
790 2194
791 1094
792 1847
793 1370
794 2078
795 1678
796 2037
797 2975
798 2355
799 2074
800 2135
801 1784
802 1379
803 2422
804 1839
805 1932
806 1909
807 2390
808 1434
809 1443
810 1164
811 1760
812 1711
813 2027
814 2007
815 2702
816 1790
817 1611
818 1388
819 1995
820 1975
821 2770
822 1818
823 1300
824 1669
825 2032
826 1569
827 1560
828 1445
829 2061
830 1775
831 2199
832 1782
833 2011
834 1852
835 1820
836 1993
837 1833
838 1636
839 1869
840 2096
841 1863
842 1787
843 1957
844 1890
845 2128
846 2008
847 1618
848 1999
849 1988
850 2101
851 1848
852 1261
853 1600
854 2113
855 1983
856 1805
857 2237
858 1903
859 1875
860 1768
861 2029
862 2091
863 1383
864 1890
865 1850
866 1818
867 2267
868 1895
869 1967
870 1743
871 1649
872 2357
873 1845
874 1481
875 1998
876 2177
877 1909
878 1744
879 1968
880 1641
881 1798
882 1955
883 2647
884 1786
885 1811
886 1976
887 1595
888 1873
889 1621
890 1441
891 2203
892 1524
893 1566
894 2112
895 1556
896 1972
897 2056
898 2202
899 1877
900 2274
901 2922
902 2102
903 2687
904 1618
905 1566
906 2054
907 1478
908 2241
909 2012
910 1706
911 2123
912 1492
913 1691
914 1898
915 1981
916 1587
917 1909
918 2144
919 2421
920 2465
921 2653
922 1651
923 1708
924 2159
925 2501
926 1598
927 1989
928 2095
929 1745
930 1043
931 2771
932 1927
933 2099
934 1610
935 2174
936 2061
937 1344
938 2351
939 2022
940 1799
941 1435
942 1821
943 1437
944 1537
945 2002
946 1768
947 1533
948 1802
949 1700
950 2284
951 1749
952 2096
953 1618
954 1946
955 1802
956 2013
957 2162
958 2537
959 1623
960 1967
961 1956
962 1913
963 2071
964 1605
965 1941
966 2260
967 1474
968 2190
969 1852
970 1664
971 1850
972 1840
973 2395
974 1762
975 2198
976 2365
977 1628
978 1477
979 2177
980 2010
981 1905
982 2347
983 1887
984 2114
985 2079
986 1809
987 2083
988 2183
989 2493
990 1986
991 2190
992 1693
993 2142
994 2023
995 2091
996 2178
997 1899
998 2069
999 1391
1000 1731
1001 1902
1002 1942
1003 1907
1004 1468
1005 1916
1006 1731
1007 2191
1008 1369
1009 1975
1010 2029
1011 1383
1012 1571
1013 1727
1014 1555
1015 1876
1016 2269
1017 2602
1018 1830
1019 2354
1020 1421
1021 1646
1022 1147
1023 1454
1024 1754
1025 1440
1026 2050
1027 2063
1028 1569
1029 1640
1030 1885
1031 1902
1032 1861
1033 1971
1034 1575
1035 2064
1036 2828
1037 2748
1038 2557
1039 2482
1040 2427
1041 1463
1042 2054
1043 1419
1044 2265
1045 2010
1046 1944
1047 1867
1048 2175
1049 1522
1050 1948
1051 1889
1052 1907
1053 1604
1054 1867
1055 2394
1056 1772
1057 2072
1058 1909
1059 2031
1060 1539
1061 2165
1062 1685
1063 2382
1064 1923
1065 1194
1066 2007
1067 1758
1068 1431
1069 2059
1070 1736
1071 2065
1072 1516
1073 1916
1074 1969
1075 1614
1076 1750
1077 2334
1078 1765
1079 1890
1080 1364
1081 1892
1082 1862
1083 1911
1084 1864
1085 1719
1086 1895
1087 1890
1088 2287
1089 1933
1090 1626
1091 1773
1092 1723
1093 1766
1094 1955
1095 1714
1096 1739
1097 1997
1098 2071
1099 2013
1100 2102
1101 1470
1102 1869
1103 2115
1104 1981
1105 1933
1106 1741
1107 1903
1108 1712
1109 2221
1110 2047
1111 2253
1112 2357
1113 2054
1114 2083
1115 2117
1116 1697
1117 1582
1118 1795
1119 1989
1120 2004
1121 1935
1122 2020
1123 2121
1124 1718
1125 1869
1126 1494
1127 1693
1128 1871
1129 2089
1130 1455
1131 1717
1132 1707
1133 1505
1134 1385
1135 2056
1136 1729
1137 2285
1138 2359
1139 1975
1140 1954
1141 1872
1142 1899
1143 1382
1144 980
1145 1889
1146 2233
1147 1508
1148 1805
1149 1841
1150 2311
1151 2273
1152 1817
1153 1752
1154 2274
1155 1919
1156 2195
1157 2080
1158 2179
1159 1322
1160 1563
1161 2322
1162 2683
1163 2300
1164 2602
1165 1526
1166 2264
1167 2409
1168 1784
1169 2273
1170 1717
1171 1873
1172 1825
1173 2232
1174 1772
1175 1324
1176 2363
1177 1359
1178 2226
1179 2087
1180 1840
1181 1651
1182 1455
1183 2476
1184 1791
1185 1990
1186 1300
1187 1790
1188 2038
1189 2057
1190 1818
1191 2678
1192 1685
1193 1789
1194 1972
1195 2665
1196 1963
1197 1088
1198 1887
1199 2357
1200 1899
1201 1907
1202 1601
1203 2250
1204 1866
1205 1726
1206 2365
1207 2073
1208 2017
1209 1115
1210 1669
1211 1554
1212 2471
1213 1983
1214 1629
1215 1682
1216 1814
1217 1783
1218 2400
1219 2240
1220 2155
1221 2413
1222 1823
1223 2177
1224 1502
1225 1547
1226 1710
1227 1781
1228 1735
1229 1850
1230 2401
1231 2420
1232 1841
1233 1947
1234 1835
1235 2164
1236 2151
1237 2094
1238 1783
1239 1660
1240 2196
1241 1874
1242 2195
1243 2038
1244 2186
1245 1441
1246 1724
1247 1671
1248 2080
1249 1811
1250 2162
1251 1529
1252 1708
1253 1635
1254 1903
1255 2136
1256 1498
1257 1917
1258 1757
1259 1847
1260 1599
1261 2424
1262 2230
1263 2233
1264 1659
1265 1563
1266 1595
1267 2280
1268 1168
1269 2149
1270 1069
1271 1703
1272 1992
1273 2017
1274 1969
1275 1751
1276 2094
1277 1523
1278 1880
1279 2394
1280 2155
1281 2072
1282 2067
1283 1883
1284 1812
1285 1763
1286 1902
1287 2373
1288 2733
1289 2267
1290 1858
1291 1497
1292 2815
1293 2820
1294 2175
1295 1630
1296 2496
1297 2263
1298 2036
1299 2474
1300 2547
1301 1770
1302 1400
1303 2194
1304 1331
1305 2996
1306 1866
1307 1412
1308 1991
1309 1592
1310 1532
1311 1966
1312 2039
1313 1739
1314 1584
1315 1282
1316 1897
1317 2389
1318 1564
1319 2118
1320 1781
1321 2604
1322 2175
1323 2734
1324 1666
1325 2024
1326 2308
1327 2552
1328 2527
1329 1727
1330 1948
1331 2147
1332 2001
1333 2437
1334 1463
1335 1831
1336 1281
1337 1542
1338 1660
1339 1703
1340 1897
1341 2469
1342 2008
1343 1326
1344 2151
1345 1698
1346 1712
1347 1724
1348 1501
1349 1886
1350 1874
1351 1451
1352 1598
1353 2215
1354 1827
1355 1825
1356 2178
1357 2201
1358 1968
1359 1724
1360 2037
1361 1895
1362 1628
1363 2009
1364 2248
1365 2534
1366 1943
1367 1904
1368 1851
1369 1751
1370 2076
1371 1725
1372 2042
1373 1533
1374 2737
1375 1429
1376 1532
1377 1966
1378 1906
1379 2259
1380 1807
1381 2176
1382 1443
1383 1960
1384 1992
1385 1898
1386 1756
1387 1726
1388 1796
1389 1514
1390 1576
1391 1768
1392 2422
1393 1919
1394 1858
1395 2014
1396 1640
1397 2095
1398 1989
1399 1836
1400 1463
1401 1782
1402 1634
1403 969
1404 1637
1405 1370
1406 1738
1407 2436
1408 1524
1409 2047
1410 1718
1411 1515
1412 1150
1413 1996
1414 2119
1415 1920
1416 2229
1417 2074
1418 1380
1419 2404
1420 2192
1421 1461
1422 2284
1423 1526
1424 1123
1425 1274
1426 2057
1427 1493
1428 2305
1429 2114
1430 2575
1431 1955
1432 1162
1433 1931
1434 2612
1435 1877
1436 1566
1437 1972
1438 1978
1439 1311
1440 2480
1441 1835
1442 2100
1443 1953
1444 2330
1445 1686
1446 2122
1447 1546
1448 1314
1449 1556
1450 1644
1451 2031
1452 1690
1453 2239
1454 1496
1455 1688
1456 2033
1457 1513
1458 1963
1459 1966
1460 1728
1461 1464
1462 1586
1463 1881
1464 1931
1465 1757
1466 1835
1467 2486
1468 2200
1469 1863
1470 2022
1471 2574
1472 1577
1473 1948
1474 1270
1475 1191
1476 1961
1477 1284
1478 2225
1479 2616
1480 2032
1481 1715
1482 1611
1483 2040
1484 1887
1485 1968
1486 1868
1487 1921
1488 2715
1489 2012
1490 1894
1491 1893
1492 2384
1493 1759
1494 1767
1495 1884
1496 1955
1497 2377
1498 2154
1499 1969
1500 1689
1501 2175
1502 2116
1503 1990
1504 2005
1505 1968
1506 2261
1507 1779
1508 1881
1509 2011
1510 2211
1511 1508
1512 1737
1513 2253
1514 2048
1515 2054
1516 2152
1517 1708
1518 2148
1519 1352
1520 2122
1521 1567
1522 2489
1523 1631
1524 2102
1525 2067
1526 2316
1527 1818
1528 1693
1529 2013
1530 2040
1531 1237
1532 1796
1533 2587
1534 1821
1535 1807
1536 1309
1537 2372
1538 2010
1539 1211
1540 1777
1541 1384
1542 1627
1543 1412
1544 2209
1545 2009
1546 1963
1547 1159
1548 1819
1549 1857
1550 1372
1551 1786
1552 1705
1553 1321
1554 1501
1555 1892
1556 2194
1557 2418
1558 2638
1559 1764
1560 2198
1561 2255
1562 2236
1563 1617
1564 1638
1565 1871
1566 1691
1567 2010
1568 3780
1569 2024
1570 2307
1571 2514
1572 1473
1573 2419
1574 2488
1575 1800
1576 1442
1577 1967
1578 1693
1579 2132
1580 2088
1581 1804
1582 2290
1583 2391
1584 2541
1585 1847
1586 2057
1587 1996
1588 1952
1589 2087
1590 1953
1591 2000
1592 1591
1593 2176
1594 1499
1595 1930
1596 1991
1597 1427
1598 2122
1599 2105
1600 2077
1601 2061
1602 1807
1603 2151
1604 1933
1605 1666
1606 1692
1607 1573
1608 1140
1609 2084
1610 1974
1611 2158
1612 1854
1613 1351
1614 1894
1615 1996
1616 1977
1617 1864
1618 1957
1619 1901
1620 1879
1621 2227
1622 1936
1623 2152
1624 2304
1625 2045
1626 2046
1627 1430
1628 1635
1629 1827
1630 2291
1631 1929
1632 1900
1633 1737
1634 2082
1635 1688
1636 2029
1637 2031
1638 1974
1639 2409
1640 1992
1641 2193
1642 2173
1643 2105
1644 2243
1645 2357
1646 2018
1647 1827
1648 2308
1649 2387
1650 1635
1651 1872
1652 2215
1653 1991
1654 1838
1655 1398
1656 1993
1657 1961
1658 1889
1659 1546
1660 1656
1661 2042
1662 2277
1663 1862
1664 1499
1665 1826
1666 1652
1667 1409
1668 2391
1669 1995
1670 1647
1671 1902
1672 3025
1673 2009
1674 1793
1675 2125
1676 1859
1677 1935
1678 2101
1679 1699
1680 1634
1681 2331
1682 2405
1683 2362
1684 1688
1685 1583
1686 1424
1687 1961
1688 1969
1689 1110
1690 1703
1691 1905
1692 1798
1693 1965
1694 2031
1695 1775
1696 2449
1697 2363
1698 1565
1699 2543
1700 2396
1701 1526
1702 2135
1703 2354
1704 1774
1705 2127
1706 2388
1707 2178
1708 1830
1709 2931
1710 2386
1711 2632
1712 2401
1713 2718
1714 1330
1715 1659
1716 1195
1717 2179
1718 2627
1719 2214
1720 1904
1721 2738
1722 2130
1723 1635
1724 1769
1725 1981
1726 1790
1727 1543
1728 2294
1729 1626
1730 1622
1731 1509
1732 1922
1733 1614
1734 1939
1735 2097
1736 1902
1737 1710
1738 1640
1739 2627
1740 1657
1741 1527
1742 2378
1743 2449
1744 2069
1745 1193
1746 1887
1747 1462
1748 2473
1749 1908
1750 1441
1751 1821
1752 1630
1753 2100
1754 1675
1755 2023
1756 1800
1757 1883
1758 1777
1759 1795
1760 1322
1761 2016
1762 2147
1763 1994
1764 2265
1765 2111
1766 1811
1767 1861
1768 1416
1769 2715
1770 2175
1771 2242
1772 2271
1773 2048
1774 1709
1775 2287
1776 2126
1777 2054
1778 2244
1779 2164
1780 2247
1781 1918
1782 2000
1783 1659
1784 1862
1785 2171
1786 1905
1787 1666
1788 1968
1789 1672
1790 1833
1791 1985
1792 1905
1793 1912
1794 1649
1795 1826
1796 1845
1797 1835
1798 1648
1799 2101
1800 1991
1801 1499
1802 1672
1803 1450
1804 1660
1805 2011
1806 2248
1807 1676
1808 2020
1809 1333
1810 1685
1811 2180
1812 1655
1813 1760
1814 1696
1815 2710
1816 2003
1817 1556
1818 1355
1819 1337
1820 1407
1821 1776
1822 1471
1823 2492
1824 1895
1825 2271
1826 1901
1827 1913
1828 1743
1829 1862
1830 2336
1831 2766
1832 1512
1833 2896
1834 1967
1835 2211
1836 1913
1837 2095
1838 1508
1839 1919
1840 1654
1841 2681
1842 2387
1843 1848
1844 1791
1845 1319
1846 2276
1847 2388
1848 1805
1849 2385
1850 1430
1851 2067
1852 2566
1853 3120
1854 2442
1855 2237
1856 1923
1857 2619
1858 2838
1859 1486
1860 2485
1861 1781
1862 2001
1863 2327
1864 1529
1865 2013
1866 1889
1867 1475
1868 1716
1869 1697
1870 2408
1871 2936
1872 2534
1873 1419
1874 1523
1875 1778
1876 1395
1877 2442
1878 2174
1879 2861
1880 2259
1881 2097
1882 1622
1883 1427
1884 2440
1885 1811
1886 2303
1887 1622
1888 1703
1889 1978
1890 2109
1891 1885
1892 1532
1893 1339
1894 1759
1895 1627
1896 2250
1897 2038
1898 2256
1899 2376
1900 1662
1901 1811
1902 1946
1903 1942
1904 2053
1905 2285
1906 1765
1907 2153
1908 2125
1909 2014
1910 1847
1911 1976
1912 1878
1913 1840
1914 1876
1915 1514
1916 1679
1917 1861
1918 1471
1919 2547
1920 1915
1921 1856
1922 2033
1923 2055
1924 1835
1925 1980
1926 1911
1927 2322
1928 1856
1929 2287
1930 2012
1931 2022
1932 2663
1933 2470
1934 2146
1935 1820
1936 1889
1937 2067
1938 1811
1939 2562
1940 2015
1941 1830
1942 1805
1943 1987
1944 2108
1945 2399
1946 1736
1947 1826
1948 1911
1949 2121
1950 1731
1951 1756
1952 1872
1953 1609
1954 2017
1955 2165
1956 1703
1957 2138
1958 1410
1959 1962
1960 1884
1961 1424
1962 1718
1963 2224
1964 1996
1965 2112
1966 2073
1967 1466
1968 2206
1969 1483
1970 1872
1971 1396
1972 1652
1973 2272
1974 2213
1975 1074
1976 2075
1977 2126
1978 1638
1979 2130
1980 1728
1981 1798
1982 2304
1983 1890
1984 2076
1985 2042
1986 2402
1987 2449
1988 1817
1989 1926
1990 1449
1991 2324
1992 1953
1993 1559
1994 1733
1995 1908
1996 1969
1997 2150
1998 1724
1999 2137
2000 1640
2001 2617
2002 1126
2003 2267
2004 2999
2005 2432
2006 1391
2007 2308
2008 2440
2009 2110
2010 1915
2011 2136
2012 2144
2013 2799
2014 2010
2015 2529
2016 2838
2017 2284
2018 1607
2019 2339
2020 2095
2021 1898
2022 1847
2023 2231
2024 1773
2025 2296
2026 2119
2027 1623
2028 1911
2029 1119
2030 1228
2031 1544
2032 2708
2033 2294
2034 2073
2035 1386
2036 1448
2037 3321
2038 1792
2039 1562
2040 1622
2041 2128
2042 1579
2043 1819
2044 1500
2045 2365
2046 1739
2047 2187
2048 1793
2049 2386
2050 1560
2051 1533
2052 1808
2053 1410
2054 1523
2055 1541
2056 1764
2057 1848
2058 2216
2059 1701
2060 1747
2061 1835
2062 1802
2063 1533
2064 2026
2065 1290
2066 1463
2067 1801
2068 1612
2069 1946
2070 2229
2071 2104
2072 2127
2073 2319
2074 1601
2075 1809
2076 1775
2077 1881
2078 1802
2079 2243
2080 2247
2081 1820
2082 1860
2083 2007
2084 2011
2085 2232
2086 1908
2087 1639
2088 1824
2089 2107
2090 1900
2091 2012
2092 2325
2093 2432
2094 2029
2095 1814
2096 1991
2097 1844
2098 1589
2099 2965
2100 2054
2101 2227
2102 1877
2103 1861
2104 1624
2105 2313
2106 2004
2107 1395
2108 2069
2109 1772
2110 1801
2111 2211
2112 1445
2113 1506
2114 1643
2115 1925
2116 1679
2117 1272
2118 1416
2119 2493
2120 2232
2121 2288
2122 2237
2123 1812
2124 1972
2125 1436
2126 1764
2127 2041
2128 1765
2129 1417
2130 1374
2131 1739
2132 1982
2133 1707
2134 1807
2135 1821
2136 1113
2137 2661
2138 1708
2139 1557
2140 1691
2141 1345
2142 1780
2143 2037
2144 1480
2145 2757
2146 2108
2147 1954
2148 2151
2149 2218
2150 1339
2151 2064
2152 1471
2153 1733
2154 2213
2155 1902
2156 1606
2157 2577
2158 2075
2159 1878
2160 1667
2161 1987
2162 2369
2163 3202
2164 2020
2165 3044
2166 2145
2167 2284
2168 1882
2169 1556
2170 3020
2171 2054
2172 2228
2173 1813
2174 2435
2175 2356
2176 1847
2177 1754
2178 1734
2179 2489
2180 2026
2181 1959
2182 2666
2183 1659
2184 2149
2185 1983
2186 1588
2187 1535
2188 2097
2189 2124
2190 1967
2191 2251
2192 1341
2193 2226
2194 1299
2195 1433
2196 1709
2197 1937
2198 1168
2199 2176
2200 1495
2201 1574
2202 2324
2203 1421
2204 2088
2205 1930
2206 1302
2207 1602
2208 1691
2209 2243
2210 1477
2211 2042
2212 1756
2213 1852
2214 1774
2215 1591
2216 1789
2217 1214
2218 2320
2219 2516
2220 1641
2221 1515
2222 1520
2223 2186
2224 2119
2225 1529
2226 1628
2227 2146
2228 1613
2229 1981
2230 1715
2231 1665
2232 2405
2233 1732
2234 2217
2235 1906
2236 2107
2237 2063
2238 1934
2239 1761
2240 2002
2241 2390
2242 1802
2243 1789
2244 2399
2245 1897
2246 1818
2247 1957
2248 2469
2249 1958
2250 2477
2251 2077
2252 2370
2253 1955
2254 2444
2255 2161
2256 2120
2257 2213
2258 1911
2259 2067
2260 1640
2261 2232
2262 1844
2263 1667
2264 1984
2265 2323
2266 1396
2267 1493
2268 2330
2269 2098
2270 1734
2271 1261
2272 1207
2273 1940
2274 2262
2275 1654
2276 1696
2277 1774
2278 1319
2279 2697
2280 1803
2281 2443
2282 1796
2283 2134
2284 1941
2285 1692
2286 1968
2287 1570
2288 2240
2289 2062
2290 1961
2291 1930
2292 1366
2293 2801
2294 1470
2295 2270
2296 2237
2297 1464
2298 1562
2299 1527
2300 1975
2301 1789
2302 2287
2303 1690
2304 2481
2305 1941
2306 2320
2307 2279
2308 1889
2309 2524
2310 2389
2311 2259
2312 2460
2313 2305
2314 2612
2315 1719
2316 1859
2317 2514
2318 2971
2319 1992
2320 2198
2321 1868
2322 1771
2323 1137
2324 1872
2325 1704
2326 1752
2327 2397
2328 1796
2329 1790
2330 1853
2331 2370
2332 1649
2333 2039
2334 2244
2335 1851
2336 1916
2337 2342
2338 1687
2339 2330
2340 1286
2341 2348
2342 1563
2343 1582
2344 2223
2345 2998
2346 2190
2347 2033
2348 2020
2349 1585
2350 1929
2351 2520
2352 2021
2353 1999
2354 1794
2355 1780
2356 1782
2357 1604
2358 1558
2359 1525
2360 1410
2361 2247
2362 2508
2363 1695
2364 1918
2365 1413
2366 2020
2367 1856
2368 1941
2369 1794
2370 1966
2371 1622
2372 2001
2373 1921
2374 1675
2375 1825
2376 1566
2377 2236
2378 1384
2379 2091
2380 1889
2381 1928
2382 1722
2383 1609
2384 1794
2385 1822
2386 2330
2387 2163
2388 1955
2389 1988
2390 1887
2391 1887
2392 1785
2393 2469
2394 1965
2395 1965
2396 1668
2397 2337
2398 1667
2399 1589
2400 2138
2401 1823
2402 2123
2403 1722
2404 1487
2405 2285
2406 2161
2407 1790
2408 1723
2409 2113
2410 1767
2411 1626
2412 1933
2413 1942
2414 1535
2415 1992
2416 1599
2417 2365
2418 1686
2419 1601
2420 2706
2421 1612
2422 1549
2423 1512
2424 1921
2425 2050
2426 1637
2427 2068
2428 1990
2429 2077
2430 2392
2431 2328
2432 1955
2433 2083
2434 1830
2435 1326
2436 1864
2437 2364
2438 1991
2439 2331
2440 2079
2441 1741
2442 1126
2443 1646
2444 1684
2445 1720
2446 1758
2447 1653
2448 1926
2449 2437
2450 1869
2451 1736
2452 2099
2453 1954
2454 2575
2455 2566
2456 1889
2457 2434
2458 2284
2459 2547
2460 2425
2461 2092
2462 2410
2463 2018
2464 2474
2465 1693
2466 1938
2467 2159
2468 1682
2469 2305
2470 2098
2471 2385
2472 2003
2473 1691
2474 2276
2475 1889
2476 1482
2477 1534
2478 2519
2479 1536
2480 1871
2481 2032
2482 2442
2483 1741
2484 2150
2485 1847
2486 1006
2487 1380
2488 1394
2489 2085
2490 1930
2491 1801
2492 2050
2493 2222
2494 1397
2495 2621
2496 1916
2497 2117
2498 2223
2499 1867
2500 1577
2501 1966
2502 2300
2503 1787
2504 1804
2505 1663
2506 1778
2507 2292
2508 2346
2509 2409
2510 1748
2511 1767
2512 1808
2513 2181
2514 1662
2515 1890
0 7540
1 6866
2 6162
3 5286
4 4376
5 3597
6 3001
7 2548
8 2198
9 1917
10 1697
11 1520
12 1380
13 1272
14 1180
15 1110
16 1054
17 1001
18 968
19 936
20 905
21 881
22 896
23 849
24 831
25 854
26 807
27 802
28 792
29 789
30 780
31 776
32 775
33 772
34 771
35 769
36 802
37 766
38 768
39 801
40 768
41 771
42 773
43 772
44 774
45 778
46 779
47 783
48 820
49 790
50 791
51 828
52 796
53 845
54 831
55 852
56 807
57 837
58 813
59 878
60 844
61 824
62 828
63 874
64 836
65 840
66 845
67 850
68 868
69 859
70 864
71 868
72 873
73 880
74 883
75 888
76 891
77 895
78 899
79 909
80 908
81 911
82 915
83 919
84 923
85 927
86 931
87 935
88 941
89 952
90 950
91 953
92 958
93 966
94 967
95 975
96 979
97 984
98 991
99 991
100 996
101 1002
102 1005
103 1010
104 1015
105 1017
106 1023
107 1024
108 1028
109 1033
110 1036
111 1041
112 1043
113 1048
114 1051
115 1055
116 1059
117 1062
118 1067
119 1071
120 1074
121 1077
122 1081
123 1083
124 1088
125 1089
126 1093
127 1095
128 1098
129 1102
130 1103
131 1104
132 1105
133 1108
134 1108
135 1110
136 1111
137 1112
138 1113
139 1114
140 1116
141 1117
142 1118
143 1120
144 1121
145 1122
146 1124
147 1125
148 1126
149 1127
150 1129
151 1130
152 1130
153 1131
154 1131
155 1132
156 1131
157 1131
158 1130
159 1128
160 1127
161 1127
162 1125
163 1124
164 1121
165 1120
166 1119
167 1117
168 1114
169 1112
170 1109
171 1107
172 1105
173 1102
174 1099
175 1096
176 1093
177 1091
178 1087
179 1084
180 1080
181 1077
182 1072
183 1068
184 1064
185 1058
186 1054
187 1049
188 1045
189 1040
190 1035
191 1030
192 1025
193 1020
194 1016
195 1012
196 1006
197 1001
198 997
199 993
200 987
201 982
202 977
203 972
204 967
205 962
206 958
207 953
208 947
209 943
210 937
211 931
212 926
213 920
214 914
215 909
216 903
217 898
218 893
219 887
220 883
221 877
222 873
223 868
224 863
225 859
226 854
227 850
228 846
229 842
230 837
231 834
232 831
233 826
234 823
235 819
236 815
237 810
238 807
239 803
240 798
241 795
242 790
243 787
244 783
245 780
246 777
247 775
248 773
249 770
250 767
251 764
252 763
253 761
254 760
255 759
256 759
257 758
258 758
259 757
260 757
261 757
262 757
263 760
264 761
265 761
266 762
267 764
268 766
269 768
270 770
271 774
272 776
273 780
274 786
275 790
276 796
277 804
278 810
279 817
280 827
281 832
282 846
283 856
284 865
285 877
286 890
287 904
288 918
289 934
290 950
291 964
292 982
293 1000
294 1018
295 1034
296 1049
297 1066
298 1083
299 1098
300 1112
301 1118
302 1124
303 1128
304 1126
305 1120
306 1117
307 1113
308 1106
309 1098
310 1086
311 1075
312 1063
313 1049
314 1033
315 1020
316 1003
317 991
318 973
319 960
320 944
321 932
322 918
323 905
324 892
325 883
326 869
327 860
328 850
329 840
330 831
331 823
332 814
333 810
334 801
335 797
336 791
337 787
338 783
339 777
340 774
341 771
342 768
343 766
344 764
345 762
346 760
347 760
348 757
349 757
350 757
351 756
352 756
353 755
354 757
355 758
356 759
357 761
358 762
359 765
360 766
361 770
362 773
363 774
364 779
365 781
366 785
367 789
368 792
369 797
370 801
371 804
372 808
373 810
374 814
375 817
376 820
377 825
378 828
379 831
380 835
381 839
382 843
383 848
384 852
385 857
386 861
387 866
388 871
389 876
390 881
391 886
392 891
393 896
394 901
395 906
396 911
397 916
398 920
399 924
400 928
401 932
402 936
403 940
404 944
405 948
406 952
407 956
408 961
409 965
410 970
411 974
412 978
413 982
414 987
415 992
416 996
417 1001
418 1005
419 1010
420 1015
421 1020
422 1025
423 1030
424 1034
425 1038
426 1042
427 1045
428 1049
429 1052
430 1056
431 1059
432 1064
433 1066
434 1070
435 1073
436 1075
437 1079
438 1082
439 1085
440 1088
441 1090
442 1093
443 1095
444 1098
445 1101
446 1104
447 1106
448 1109
449 1111
450 1114
451 1116
452 1117
453 1117
454 1119
455 1119
456 1120
457 1121
458 1123
459 1124
460 1125
461 1126
462 1126
463 1127
464 1128
465 1129
466 1130
467 1130
468 1131
469 1131
470 1131
471 1131
472 1131
473 1131
474 1131
475 1131
476 1130
477 1130
478 1129
479 1127
480 1126
481 1123
482 1121
483 1118
484 1116
485 1112
486 1110
487 1107
488 1105
489 1101
490 1098
491 1095
492 1092
493 1088
494 1084
495 1080
496 1076
497 1072
498 1068
499 1064
500 1060
501 1057
502 1053
503 1049
504 1045
505 1040
506 1036
507 1030
508 1025
509 1020
510 1016
511 1010
512 1005
513 1000
514 995
515 989
516 984
517 979
518 973
519 967
520 962
521 957
522 952
523 947
524 942
525 936
526 933
527 927
528 922
529 919
530 913
531 908
532 904
533 899
534 893
535 887
536 882
537 878
538 871
539 865
540 861
541 856
542 851
543 846
544 842
545 837
546 833
547 829
548 824
549 821
550 817
551 813
552 810
553 807
554 803
555 801
556 797
557 795
558 791
559 789
560 785
561 780
562 777
563 776
564 773
565 770
566 767
567 767
568 762
569 761
570 759
571 759
572 756
573 755
574 755
575 756
576 757
577 758
578 756
579 759
580 758
581 762
582 764
583 767
584 769
585 775
586 775
587 781
588 783
589 788
590 790
591 798
592 802
593 807
594 816
595 825
596 831
597 840
598 851
599 862
600 871
601 884
602 894
603 908
604 925
605 941
606 960
607 974
608 994
609 1012
610 1028
611 1049
612 1063
613 1080
614 1099
615 1116
616 1123
617 1134
618 1132
619 1136
620 1133
621 1124
622 1119
623 1115
624 1104
625 1097
626 1081
627 1071
628 1052
629 1040
630 1020
631 1006
632 994
633 977
634 957
635 951
636 938
637 923
638 912
639 897
640 888
641 875
642 864
643 852
644 844
645 836
646 828
647 816
648 810
649 803
650 799
651 790
652 784
653 779
654 774
655 772
656 769
657 766
658 766
659 761
660 761
661 758
662 759
663 759
664 757
665 760
666 760
667 759
668 761
669 763
670 763
671 762
672 765
673 765
674 768
675 770
676 772
677 773
678 775
679 778
680 781
681 784
682 787
683 791
684 795
685 799
686 802
687 806
688 810
689 815
690 818
691 823
692 828
693 833
694 837
695 841
696 845
697 849
698 852
699 857
700 861
701 864
702 869
703 873
704 877
705 882
706 887
707 891
708 895
709 901
710 905
711 910
712 914
713 921
714 924
715 930
716 934
717 939
718 945
719 950
720 955
721 960
722 965
723 970
724 974
725 978
726 982
0 7174
0 6836
1 6134
2 5369
3 4416
4 3484
5 2737
6 2198
7 1829
8 1568
9 1384
10 1252
11 1147
12 1071
13 1010
14 960
15 933
16 889
17 864
18 844
19 827
20 814
21 804
22 795
23 791
24 788
25 815
26 779
27 774
28 774
29 771
30 779
31 774
32 773
33 775
34 811
35 782
36 780
37 819
38 782
39 786
40 829
41 790
42 795
43 796
44 800
45 803
46 806
47 810
48 812
49 820
50 819
51 822
52 826
53 841
54 833
55 837
56 842
57 844
58 848
59 851
60 854
61 859
62 862
63 865
64 871
65 873
66 876
67 878
68 881
69 885
70 887
71 890
72 893
73 895
74 899
75 902
76 904
77 908
78 911
79 914
80 917
81 921
82 924
83 927
84 929
85 934
86 936
87 939
88 941
89 944
90 947
91 948
92 951
93 954
94 956
95 960
96 962
97 965
98 966
99 969
100 971
101 974
102 976
103 980
104 981
105 983
106 984
107 986
108 988
109 991
110 992
111 993
112 994
113 995
114 997
115 998
116 997
117 997
118 996
119 994
120 993
121 990
122 988
123 986
124 982
125 980
126 975
127 972
128 969
129 966
130 963
131 960
132 956
133 953
134 948
135 944
136 939
137 934
138 930
139 926
140 922
141 917
142 913
143 909
144 904
145 901
146 896
147 892
148 888
149 884
150 880
151 877
152 872
153 868
154 865
155 860
156 857
157 852
158 850
159 846
160 842
161 840
162 836
163 833
164 829
165 827
166 823
167 820
168 817
169 815
170 812
171 808
172 807
173 804
174 800
175 797
176 793
177 791
178 787
179 784
180 781
181 778
182 774
183 772
184 770
185 768
186 766
187 765
188 763
189 761
190 759
191 759
192 757
193 757
194 757
195 757
196 757
197 756
198 757
199 759
200 761
201 762
202 765
203 766
204 769
205 772
206 775
207 780
208 784
209 788
210 794
211 802
212 805
213 812
214 820
215 828
216 837
217 844
218 855
219 864
220 874
221 887
222 899
223 910
224 924
225 936
226 950
227 963
228 974
229 980
230 988
231 994
232 996
233 997
234 995
235 992
236 987
237 979
238 971
239 960
240 953
241 945
242 936
243 924
244 912
245 902
246 892
247 883
248 876
249 866
250 858
251 850
252 841
253 834
254 829
255 822
256 816
257 811
258 805
259 799
260 795
261 790
262 787
263 782
264 777
265 774
266 772
267 770
268 768
269 767
270 765
271 763
272 764
273 763
274 762
275 763
276 764
277 765
278 766
279 768
280 768
281 770
282 771
283 773
284 775
285 776
286 778
287 779
288 782
289 782
290 785
291 786
292 789
293 792
294 793
295 795
296 799
297 800
298 803
299 806
300 809
301 811
302 815
303 816
304 820
305 822
306 826
307 828
308 831
309 834
310 837
311 841
312 844
313 848
314 851
315 854
316 858
317 862
318 866
319 869
320 873
321 877
322 882
323 886
324 890
325 894
326 898
327 903
328 907
329 911
330 916
331 920
332 925
333 930
334 935
335 940
336 943
337 947
338 950
339 953
340 955
341 958
342 960
343 961
344 963
345 966
346 966
347 969
348 970
349 971
350 974
351 975
352 977
353 978
354 979
355 981
356 982
357 983
358 984
359 985
360 986
361 987
362 988
363 989
364 989
365 989
366 989
367 989
368 989
369 988
370 988
371 988
372 987
373 986
374 984
375 982
376 981
377 979
378 977
379 975
380 973
381 971
382 969
383 968
384 964
385 961
386 958
387 955
388 950
389 948
390 943
391 940
392 937
393 932
394 927
395 924
396 919
397 915
398 909
399 904
400 899
401 894
402 889
403 884
404 879
405 874
406 870
407 864
408 860
409 854
410 850
411 846
412 842
413 837
414 832
415 828
416 824
417 820
418 816
419 813
420 809
421 805
422 802
423 798
424 796
425 792
426 789
427 786
428 783
429 782
430 779
431 777
432 774
433 773
434 772
435 769
436 768
437 767
438 768
439 766
440 766
441 767
442 765
443 767
444 767
445 767
446 768
447 768
448 769
449 769
450 769
451 770
452 772
453 771
454 773
455 773
456 776
457 777
458 782
459 782
460 785
461 790
462 795
463 799
464 804
465 811
466 814
467 825
468 830
469 840
470 847
471 857
472 867
473 876
474 888
475 900
476 909
477 923
478 935
479 947
480 958
481 969
482 975
483 986
484 992
485 993
486 994
487 992
488 989
489 983
490 976
491 973
492 965
493 955
494 944
495 934
496 927
497 916
498 907
499 900
500 890
501 879
502 872
503 865
504 856
505 849
506 841
507 834
508 829
509 821
510 815
511 807
512 801
513 796
514 790
515 787
516 780
517 778
518 771
519 770
520 768
521 764
522 764
523 760
524 759
525 758
526 757
527 756
528 756
529 758
530 757
531 760
532 758
533 758
534 759
535 762
536 766
537 765
538 768
539 769
540 772
541 775
542 778
543 781
544 784
545 788
546 791
547 795
548 799
549 803
550 807
551 812
552 816
553 821
554 824
555 829
556 833
557 837
558 840
559 844
560 846
561 849
562 852
563 855
564 858
565 861
566 864
567 867
568 870
569 873
570 876
571 879
572 881
573 885
574 889
575 891
576 895
577 899
578 902
579 906
580 910
581 912
582 916
583 920
584 923
585 927
586 931
587 934
588 939
589 942
590 945
591 949
592 952
593 955
594 958
595 962
596 965
597 967
598 970
599 974
600 976
601 979
602 982
603 984
604 987
605 990
606 992
607 995
608 996
609 998
610 999
611 1002
612 1002
613 1004
614 1005
615 1004
616 1004
617 1004
618 1004
619 1002
620 1001
621 999
622 997
623 996
624 994
625 991
626 989
627 985
628 981
629 979
630 976
631 972
632 970
633 967
634 963
635 960
636 955
637 950
638 946
639 942
640 937
641 934
642 930
643 924
644 921
645 916
646 912
647 907
648 904
649 899
650 895
651 889
652 886
653 882
654 878
655 875
656 871
657 867
658 863
659 859
660 858
661 853
662 850
